State  v001_rawvalue_norm  v127_rawvalue_norm  v128_rawvalue_norm  v129_rawvalue_norm  v135_rawvalue_norm  v161_rawvalue_norm  v015_rawvalue_norm  v039_rawvalue_norm  v148_rawvalue_norm  v125_rawvalue_norm  v124_rawvalue_norm  v156_rawvalue_norm  v134_rawvalue_norm  v139_rawvalue_norm  v083_rawvalue_norm  v133_rawvalue_norm  v155_rawvalue_norm  v166_rawvalue_norm  v179_rawvalue_norm  v182_rawvalue_norm  v181_rawvalue_norm
   AK            0.499159            0.629300            0.252518            0.622848            0.404782            0.036696            0.633739            0.743132            0.037155            0.673228            0.307252            0.944581            0.348081            0.504358            0.425045            0.051306            0.015463            0.794396            0.409522            0.857647            0.452910
   AL            0.178226            0.158822            0.220398            0.162089            0.573160            0.537198            0.463776            0.224549            0.107803            0.244364            0.890244            0.958091            0.722476            0.180704            0.403471            0.273385            0.408169            0.305600            0.087209            0.559062            0.409432
   AR            0.265756            0.227957            0.228722            0.228470            0.591902            0.403295            0.586370            0.289848            0.225220            0.274092            0.545043            0.975911            0.713975            0.111296            0.309591            0.174174            0.620580            0.150539            0.079009            0.607481            0.478570
   AZ            0.611735            0.676646            0.595298            0.672587            0.528747            0.430164            0.755100            0.576352            0.398110            0.582977            0.120131            0.797569            0.851857            0.469759            0.417663            0.128721            0.552073            0.757682            0.444718            0.110942            0.336038
   CA            0.964725            0.953051            0.898499            0.941744            0.976725            0.802709            0.805258            0.769336            0.789069            0.090520            0.297710            0.402761            0.662686            0.623347            0.842091            0.689829            0.445645            0.930758            0.790494            0.223269            0.283045
   CO            0.852474            0.911500            0.698175            0.836610            0.612672            0.299421            0.838075            0.717862            0.455201            0.726026            0.337097            0.833830            0.411880            0.696730            0.681970            0.631816            0.703565            0.971765            0.667621            0.585595            0.810424
   CT            0.914137            0.945017            0.935356            0.842117            0.724141            0.807490            0.912420            0.876285            0.914512            0.556998            0.167965            0.820916            0.536724            0.568909            0.755340            0.826005            0.798070            0.824860            0.655793                 NaN            0.743545
   DC            0.525771            0.419888            0.202200            0.394159            0.480039            1.000000            0.000000            0.992882            0.281943            0.265691            0.333333            0.142593            0.681036            0.640231            1.000000            0.968306            0.370815            0.705776            1.000000            1.000000                 NaN
   DE            0.559539            0.636333            0.539984            0.407296            0.576684            0.741423            0.719116            0.619517            0.613706            0.435590            0.548846            0.881891            0.742022            0.579677            0.628850            0.749459            0.981656            0.833900            0.490758            0.813020            0.378988
   FL            0.650359            0.704514            0.576286            0.559636            0.584193            0.625060            0.744817            0.516723            0.531341            0.478416            0.523991            0.839936            0.872506            0.504967            0.490529            0.503214            0.484887            0.705136            0.342837            0.521910            0.331663
   GA            0.560914            0.530364            0.441874            0.339238            0.795207            0.636232            0.636976            0.534319            0.395358            0.219729            0.816718            0.888605            0.929317            0.496012            0.301590            0.412722            0.551828            0.625741            0.231591            0.905043            0.217817
   HI            0.934939            0.961745            0.677330            0.662553            0.896519            0.652328            0.943811            0.894463            0.986545            0.981850                 NaN            0.443013            0.507930            0.563062            0.626488            0.303488            0.568904            0.803879            0.679704            0.333080            0.000000
   IA            0.833612            0.781717            0.680167            0.749862            0.793558            0.541194            0.917001            0.704084            0.714038            0.451428            0.894433            0.810023            0.705935            0.764364            0.642339            0.894016            0.950439            0.521398            0.329333            0.526134            0.790323
   ID            0.845523            0.856948            0.658377            0.770214            0.690020            0.250538            0.963535            0.575535            0.418211            0.608286            0.439771            0.945538            0.527995            0.665138            0.474089            0.604685            0.435083            0.753088            0.231241            0.658922            0.764370
   IL            0.745567            0.736422            0.611294            0.547446            0.799338            0.780145            0.618443            0.824033            0.606684            0.187780            0.597306            0.786144            0.605685            0.689491            0.719476            0.701319            0.723065            0.672011            0.715175            0.652385            0.586550
   IN            0.474161            0.462787            0.411926            0.340702            0.606180            0.570625            0.669712            0.630063            0.444095            0.225176            0.761112            0.910748            0.994593            0.478498            0.434585            0.641769            0.800841            0.540846            0.313203            0.994370            0.712463
   KS            0.668303            0.641735            0.530951            0.552016            0.677445            0.425973            0.780360            0.580267            0.465640            0.527474            0.665763            0.949011            0.939073            0.550080            0.413302            0.601711            0.716585            0.638664            0.309014            0.419838            0.846527
   KY            0.229448            0.181258            0.473057            0.496080            0.401543            0.490079            0.710463            0.383040            0.344486            0.309874            0.864123            0.934355            0.738496            0.312314            0.600230            0.348389            0.587820            0.435828            0.229061            0.797804            0.424849
   LA            0.196904            0.212503            0.171348            0.217165            0.445746            0.600023            0.313175            0.385250            0.098041            0.335122            0.297229            0.922956            0.514000            0.216693            0.252206            0.271801            0.457643            0.241734            0.213286            0.201411            0.460946
   MA            0.966124            0.966332            0.997740            0.990113            0.791378            0.870609            0.958733            0.990081            1.000000            0.601080            0.384690            0.436256            0.560112            0.816632            0.781467            0.969733            0.982837            0.881131            0.656333            0.864506            0.796151
   MD            0.670600            0.711513            0.618468            0.508002            0.585977            0.835782            0.572161            0.821395            0.584417            0.465035            0.835615            0.797996            0.618950            0.653897            0.820889            0.785904            0.803307            0.880651            0.639668            1.000000            0.453009
   ME            0.699881            0.732495            0.725612            0.579331            0.438763            0.458769            0.996286            0.668484            0.617725            0.697444            0.318949            0.976569            0.384811            0.507211            0.810536            0.740457            0.596662            0.612499            0.122966            0.808141            0.777971
   MI            0.601001            0.598214            0.535687            0.448800            0.654948            0.629132            0.705458            0.764261            0.560677            0.447864            0.685948            0.836302            0.603083            0.421963            0.583312            0.561607            0.623992            0.628428            0.421828            0.993094            0.464400
   MN            0.980728            0.992599            0.777463            0.799812            0.790771            0.655971            0.932214            0.882678            0.778193            0.617658            0.800193            0.870966            0.577163            0.884647            0.640076            0.887029            0.877023            0.795684            0.575842            0.638688            0.548560
   MO            0.442062            0.446736            0.434202            0.507438            0.468111            0.426772            0.505970            0.504108            0.168221            0.386572            0.744079            0.907372            0.666939            0.417380            0.519738            0.455987            0.635500            0.534306            0.374834            0.795794            0.507538
   MS            0.021299            0.002970            0.014314            0.000000            0.489388            0.623923            0.345507            0.000000            0.053778            0.282701            0.788897            0.992636            0.986134            0.000000            0.182252            0.017444            0.433096            0.000000            0.051460            0.542995            0.217536
   MT            0.640589            0.701432            0.506786            0.720542            0.464355            0.033752            0.863618            0.348455            0.183510            0.765283            0.562535            0.966543            0.000000            0.677392            0.482467            0.481257            0.467256            0.544248            0.209118            0.593634            0.533136
   NC            0.561020            0.580795            0.469985            0.364283            0.634616            0.662649            0.711571            0.515914            0.492785            0.402956            0.729374            0.947567            0.706562            0.390867            0.506642            0.504882            0.828335            0.564670            0.355422            0.635863            0.278303
   ND            0.734407            0.763349            0.523864            0.638529            0.751730            0.407679            0.937112            0.555062            0.568089            0.809518            0.939231            0.947214            0.178101            1.000000            0.536714            0.829846            0.761089            0.501384            0.000000            0.449702            0.449246
   NE            0.851503            0.822404            0.602024            0.628849            0.898384            0.625912            0.889134            0.644328            0.714710            0.637443            0.821313            0.887925            0.467193            0.559158            0.642097            0.576851            0.823839            0.694992            0.489450            0.177502            0.696852
   NH            0.853691            0.887514            0.963594            0.995160            0.559525            0.465407            0.999334            0.842005            0.673386            0.797355            0.225921            0.927286            0.451480            0.829588            0.741729            0.971444            0.830207            0.918137            0.248756            0.873431            0.645576
   NJ            0.887147            0.877093            0.943298            0.930766            0.889774            0.924505            0.860057            0.942840            0.937259            0.370458            0.200731            0.752609            0.851345            0.782206            0.808829            0.932898            0.802478            0.863898            0.658371            0.666531            0.592856
   NM            0.231840            0.379587            0.512642            0.656129            0.228045            0.179651            0.587186            0.322852            0.166304            0.745450            0.200437            0.917235            0.596228            0.299388            0.000000            0.031749            0.299540            0.163433            0.449450            0.426685            0.500500
   NV            0.653001            0.607621            0.629440            0.665492            0.654804            0.354318            0.712968            0.708050            0.350970            0.550557            0.338303            0.787468            0.637890            0.447833            0.620174            0.463456            0.239742            0.710190            0.562864            0.356841            0.330086
   NY            0.939090            0.914092            0.867679            0.888089            1.000000            0.910187            0.890369            0.994664            0.960585            0.520083            0.626048            0.399832            0.920147            0.574091            0.916836            0.824542            0.706276            0.674499            0.603823            0.727023            0.606277
   OH            0.449204            0.453338            0.455107            0.332933            0.479211            0.610828            0.710263            0.740398            0.517256            0.230439            0.764865            0.912951            0.487932            0.396490            0.542497            0.590713            0.775783            0.622166            0.428041            0.995773            0.823026
   OK            0.325476            0.234653            0.355478            0.309902            0.454946            0.334519            0.652600            0.369506            0.286032            0.296620            0.301711            0.961648            0.703267            0.273469            0.379792            0.343019            0.613878            0.445584            0.264089            0.042782            0.526225
   OR            0.881762            0.855655            0.819344            0.841223            0.680082            0.407110            0.911786            0.690362            0.545199            0.360735            0.359540            0.840884            0.619226            0.554928            0.706015            0.575683            0.490955            0.864934            0.684342            0.422871            0.574508
   PA            0.644962            0.660137            0.645291            0.567113            0.513930            0.626942            0.749512            0.795545            0.563092            0.268374            0.225453            0.833358            0.735495            0.626868            0.730916            0.796556            0.885122            0.588489            0.326886            1.000000            0.347787
   RI            0.896240            0.868778            0.819108            0.681042            0.636090            0.806872            0.939609            0.950418            0.963678            0.635494            0.410938            0.709498            0.183831            0.675826            0.722424            0.913711            0.633083            0.760863            0.533839            0.666531            0.615952
   SC            0.354256            0.394598            0.385659            0.404591            0.480947            0.553411            0.572207            0.249348            0.270551            0.364837            0.744607            0.982237            0.474329            0.584895            0.315487            0.611994            0.668309            0.406270            0.128198            0.527715            0.286198
   SD            0.616942            0.693432            0.254680            0.433411            0.606498            0.308171            0.836005            0.433036            0.545916            0.823492            0.683767            0.958599            0.367222            0.676286            0.353799            0.264564            0.682464            0.548892            0.277454            0.332312            0.764196
   TN            0.251749            0.236245            0.352334            0.356941            0.410029            0.513222            0.606007            0.451751            0.274962            0.385220            0.886860            0.943300            0.792698            0.415011            0.383372            0.487289            0.729367            0.444006            0.192919            0.747861            0.248851
   TX            0.733951            0.678694            0.620792            0.645327            0.913312            0.671515            0.755875            0.590184            0.561377            0.312633            0.363368            0.862264            0.737934            0.284970            0.408572            0.286362            0.557928            0.671546            0.412642            0.000000            0.234201
   UT            0.915691            0.945427            0.677743            0.713972            0.821857            0.282821            0.951540            0.851578            0.567998            0.644679            0.464655            0.857186            0.871574            0.612202            0.629664            0.460800            0.678691            0.965514            0.517725            0.422278            0.769619
   VA            0.785066            0.782137            0.642122            0.603957            0.814301            0.666847            0.793314            0.767456            0.573745            0.497975            0.871445            0.845287            0.573165            0.761078            0.747000            0.604453            0.753858            0.727590            0.412833            0.984593            0.468673
   VT            0.840674            0.881054            0.875351            0.920082            0.525155            0.459316            0.963914            0.782880            0.602434            0.724736            0.576768            0.979933            0.423687            0.644477            0.857223            0.897597            0.740283            0.527699            0.169261            0.560272            0.764644
   WA            0.935597            0.919741            0.827722            0.901390            0.786008            0.556496            0.893836            0.859639            0.654710            0.474279            0.464893            0.811585            0.487686            0.652536            0.678193            0.578327            0.626029            1.000000            0.534318            0.443633            0.570373
   WI            0.812913            0.827107            0.630678            0.551593            0.557652            0.604369            0.833760            0.756514            0.642330            0.444840            0.544287            0.764797            0.382985            0.788112            0.701658            0.846622            0.885472            0.641544            0.523348            0.813985            0.821464
   WV            0.005230            0.030925            0.430815            0.327211            0.000000            0.365540            0.762338            0.446877            0.312846            0.469400            0.446579            0.980273            0.724717            0.394916            0.511154            0.512506            0.397657            0.226485            0.062390            0.971841            0.188801
   WY            0.614358            0.650194            0.535162            0.659057            0.462848            0.004943            0.857637            0.363011            0.134501            0.964897            0.457849            0.965124            0.481842            0.518873            0.431115            0.673575            0.429340            0.688198            0.379375            0.651129            1.000000